[N
68
32
17 tpd_datag_combout
36
16 tpd_datad_sumout
17
19 cyclonev_lcell_comb
39
18 tpd_sharein_sumout
64
7 sharein
19
8 lut_mask
67
5 dataa
66
5 datab
68
5 datac
65
5 datad
61
5 datae
60
5 dataf
62
5 datag
20
12 shared_arith
27
17 tpd_datab_combout
14
8 lpm_type
2
16 cyclonev_io_ibuf
51
10 tipd_dataa
52
10 tipd_datab
53
10 tipd_datac
54
10 tipd_datad
55
10 tipd_datae
56
10 tipd_dataf
57
10 tipd_datag
37
16 tpd_dataf_sumout
7
7 tpd_i_o
35
16 tpd_datac_sumout
6
30 tipd_dynamicterminationcontrol
48
18 tpd_datab_shareout
13
13 simulate_z_as
22
10 dont_touch
50
18 tpd_datad_shareout
28
17 tpd_datac_combout
1
68 /home/mahoraga/intelFPGA_lite/23.1std/questa_fse/intel/vhdl/cyclonev
25
12 InstancePath
9
3 XOn
3
4 arch
45
12 tpd_cin_cout
38
14 tpd_cin_sumout
24
9 XOnChecks
23
11 MsgOnChecks
59
12 tipd_sharein
10
5 MsgOn
30
17 tpd_datae_combout
29
17 tpd_datad_combout
41
14 tpd_datab_cout
43
14 tpd_datad_cout
40
14 tpd_dataa_cout
12
8 bus_hold
4
6 tipd_i
33
16 tpd_dataa_sumout
8
10 tpd_ibar_o
42
14 tpd_datac_cout
15
25 dynamicterminationcontrol
34
16 tpd_datab_sumout
31
17 tpd_dataf_combout
46
16 tpd_sharein_cout
5
9 tipd_ibar
47
18 tpd_dataa_shareout
49
18 tpd_datac_shareout
44
14 tpd_dataf_cout
58
8 tipd_cin
11
17 differential_mode
16
4 ibar
26
17 tpd_dataa_combout
21
12 extended_lut
18
16 vital_lcell_comb
63
3 cin
]
[G
1
17
18
10
43
0
0
0
0
16 1
0
0
0
]
[G
1
17
18
11
43
0
0
0
0
16 1
0
0
0
]
[G
1
17
18
3
45
0
0
0
0
16 1
0
0
0
]
[G
1
17
18
4
45
0
0
0
0
16 1
0
0
0
]
[G
1
17
18
5
45
0
0
0
0
16 1
0
0
0
]
[G
1
17
18
6
45
0
0
0
0
16 1
0
0
0
]
[G
1
17
18
7
45
0
0
0
0
16 1
0
0
0
]
[G
1
17
18
8
45
0
0
0
0
16 1
0
0
0
]
[G
1
17
18
9
45
0
0
0
0
16 1
0
0
0
]
[G
1
17
18
10
45
0
0
0
0
16 1
0
0
0
]
[G
1
17
18
11
45
0
0
0
0
16 1
0
0
0
]
[G
1
17
18
3
30
0
0
0
0
16 1
0
0
0
]
[G
1
17
18
4
30
0
0
0
0
16 1
0
0
0
]
[G
1
17
18
5
30
0
0
0
0
16 1
0
0
0
]
[G
1
17
18
6
30
0
0
0
0
16 1
0
0
0
]
[G
1
17
18
7
30
0
0
0
0
16 1
0
0
0
]
[G
1
17
18
8
30
0
0
0
0
16 1
0
0
0
]
[G
1
17
18
9
30
0
0
0
0
16 1
0
0
0
]
[G
1
17
18
10
30
0
0
0
0
16 1
0
0
0
]
[G
1
17
18
11
30
0
0
0
0
16 1
0
0
0
]
[G
1
17
18
3
19
0
0
0
0
64 0
3
2
2
2
2
2
2
2
2
2
2
2
2
2
2
2
3
2
2
2
2
2
2
2
2
2
2
2
2
2
2
2
3
2
2
2
2
2
2
2
2
2
2
2
2
2
2
2
3
2
2
2
2
2
2
2
2
2
2
2
2
2
2
2
0
0
]
[G
1
17
18
4
19
0
0
0
0
64 0
2
2
2
2
2
2
3
2
2
2
2
2
2
2
2
2
2
2
2
2
2
2
3
2
2
2
2
2
2
2
2
2
2
2
2
2
2
2
3
2
2
2
2
2
2
2
2
2
2
2
2
2
2
2
3
2
2
2
2
2
2
2
2
2
0
0
]
[G
1
17
18
5
19
0
0
0
0
64 8
2
2
2
2
2
2
3
2
0
0
]
[G
1
17
18
6
19
0
0
0
0
64 0
3
3
2
2
3
2
3
2
2
2
2
2
2
2
2
2
3
3
2
2
3
2
3
2
2
2
2
2
2
2
2
2
3
3
2
2
3
2
3
2
2
2
2
2
2
2
2
2
3
3
2
2
3
2
3
2
2
2
2
2
2
2
2
2
0
0
]
[G
1
17
18
7
19
0
0
0
0
64 0
3
3
2
2
2
2
3
2
2
2
2
2
2
2
2
2
3
3
2
2
2
2
3
2
2
2
2
2
2
2
2
2
3
3
2
2
2
2
3
2
2
2
2
2
2
2
2
2
3
3
2
2
2
2
3
2
2
2
2
2
2
2
2
2
0
0
]
[G
1
17
18
8
19
0
0
0
0
64 1
2
0
0
]
[G
1
17
18
9
19
0
0
0
0
64 0
2
3
2
2
3
2
2
2
2
2
2
2
2
2
2
2
2
3
2
2
3
2
2
2
2
2
2
2
2
2
2
2
2
3
2
2
3
2
2
2
2
2
2
2
2
2
2
2
2
3
2
2
3
2
2
2
2
2
2
2
2
2
2
2
0
0
]
[G
1
17
18
10
19
0
0
0
0
64 0
3
3
3
3
3
3
3
3
3
3
3
3
3
3
2
3
3
3
3
3
3
3
3
3
3
3
3
3
3
3
2
3
3
3
3
3
3
3
3
3
3
3
3
3
3
3
2
3
3
3
3
3
3
3
3
3
3
3
3
3
3
3
2
3
0
0
]
[G
1
17
18
11
19
0
0
0
0
64 0
2
2
2
2
2
2
2
2
2
2
2
2
2
2
3
2
2
2
2
2
2
2
2
2
2
2
2
2
2
2
3
2
2
2
2
2
2
2
2
2
2
2
2
2
2
2
3
2
2
2
2
2
2
2
2
2
2
2
2
2
2
2
3
2
0
0
]
[G
1
17
18
3
33
0
0
0
0
16 1
0
0
0
]
[G
1
17
18
4
33
0
0
0
0
16 1
0
0
0
]
[G
1
17
18
5
33
0
0
0
0
16 1
0
0
0
]
[G
1
17
18
6
33
0
0
0
0
16 1
0
0
0
]
[G
1
17
18
7
33
0
0
0
0
16 1
0
0
0
]
[G
1
17
18
8
33
0
0
0
0
16 1
0
0
0
]
[G
1
17
18
9
33
0
0
0
0
16 1
0
0
0
]
[G
1
17
18
10
33
0
0
0
0
16 1
0
0
0
]
[G
1
17
18
11
33
0
0
0
0
16 1
0
0
0
]
[G
1
17
18
3
34
0
0
0
0
16 1
0
0
0
]
[G
1
17
18
4
34
0
0
0
0
16 1
0
0
0
]
[G
1
17
18
5
34
0
0
0
0
16 1
0
0
0
]
[G
1
17
18
6
34
0
0
0
0
16 1
0
0
0
]
[G
1
17
18
7
34
0
0
0
0
16 1
0
0
0
]
[G
1
17
18
8
34
0
0
0
0
16 1
0
0
0
]
[G
1
17
18
9
34
0
0
0
0
16 1
0
0
0
]
[G
1
17
18
10
34
0
0
0
0
16 1
0
0
0
]
[G
1
17
18
11
34
0
0
0
0
16 1
0
0
0
]
[G
1
17
18
3
32
0
0
0
0
16 1
0
0
0
]
[G
1
17
18
4
32
0
0
0
0
16 1
0
0
0
]
[G
1
17
18
5
32
0
0
0
0
16 1
0
0
0
]
[G
1
17
18
6
32
0
0
0
0
16 1
0
0
0
]
[G
1
17
18
7
32
0
0
0
0
16 1
0
0
0
]
[G
1
17
18
8
32
0
0
0
0
16 1
0
0
0
]
[G
1
17
18
9
32
0
0
0
0
16 1
0
0
0
]
[G
1
17
18
10
32
0
0
0
0
16 1
0
0
0
]
[G
1
17
18
11
32
0
0
0
0
16 1
0
0
0
]
[G
1
17
18
3
36
0
0
0
0
16 1
0
0
0
]
[G
1
17
18
4
36
0
0
0
0
16 1
0
0
0
]
[G
1
17
18
5
36
0
0
0
0
16 1
0
0
0
]
[G
1
17
18
6
36
0
0
0
0
16 1
0
0
0
]
[G
1
17
18
7
36
0
0
0
0
16 1
0
0
0
]
[G
1
17
18
8
36
0
0
0
0
16 1
0
0
0
]
[G
1
17
18
9
36
0
0
0
0
16 1
0
0
0
]
[G
1
17
18
10
36
0
0
0
0
16 1
0
0
0
]
[G
1
17
18
11
36
0
0
0
0
16 1
0
0
0
]
[G
1
17
18
3
27
0
0
0
0
16 1
0
0
0
]
[G
1
17
18
4
27
0
0
0
0
16 1
0
0
0
]
[G
1
17
18
5
27
0
0
0
0
16 1
0
0
0
]
[G
1
17
18
6
27
0
0
0
0
16 1
0
0
0
]
[G
1
17
18
7
27
0
0
0
0
16 1
0
0
0
]
[G
1
17
18
8
27
0
0
0
0
16 1
0
0
0
]
[G
1
17
18
9
27
0
0
0
0
16 1
0
0
0
]
[G
1
17
18
10
27
0
0
0
0
16 1
0
0
0
]
[G
1
17
18
11
27
0
0
0
0
16 1
0
0
0
]
[G
1
17
18
3
47
0
0
0
0
16 1
0
0
0
]
[G
1
17
18
4
47
0
0
0
0
16 1
0
0
0
]
[G
1
17
18
5
47
0
0
0
0
16 1
0
0
0
]
[G
1
17
18
6
47
0
0
0
0
16 1
0
0
0
]
[G
1
17
18
7
47
0
0
0
0
16 1
0
0
0
]
[G
1
17
18
8
47
0
0
0
0
16 1
0
0
0
]
[G
1
17
18
9
47
0
0
0
0
16 1
0
0
0
]
[G
1
17
18
10
47
0
0
0
0
16 1
0
0
0
]
[G
1
17
18
11
47
0
0
0
0
16 1
0
0
0
]
[G
1
2
3
1
4
0
0
0
0
16 1
0
0
0
]
[G
1
17
18
3
37
0
0
0
0
16 1
0
0
0
]
[G
1
17
18
4
37
0
0
0
0
16 1
0
0
0
]
[G
1
17
18
5
37
0
0
0
0
16 1
0
0
0
]
[G
1
17
18
6
37
0
0
0
0
16 1
0
0
0
]
[G
1
17
18
7
37
0
0
0
0
16 1
0
0
0
]
[G
1
17
18
8
37
0
0
0
0
16 1
0
0
0
]
[G
1
17
18
9
37
0
0
0
0
16 1
0
0
0
]
[G
1
17
18
10
37
0
0
0
0
16 1
0
0
0
]
[G
1
17
18
11
37
0
0
0
0
16 1
0
0
0
]
[G
1
17
18
3
35
0
0
0
0
16 1
0
0
0
]
[G
1
17
18
4
35
0
0
0
0
16 1
0
0
0
]
[G
1
17
18
5
35
0
0
0
0
16 1
0
0
0
]
[G
1
17
18
6
35
0
0
0
0
16 1
0
0
0
]
[G
1
17
18
7
35
0
0
0
0
16 1
0
0
0
]
[G
1
17
18
8
35
0
0
0
0
16 1
0
0
0
]
[G
1
17
18
9
35
0
0
0
0
16 1
0
0
0
]
[G
1
17
18
10
35
0
0
0
0
16 1
0
0
0
]
[G
1
17
18
11
35
0
0
0
0
16 1
0
0
0
]
[G
1
17
18
3
58
0
0
0
0
16 1
0
0
0
]
[G
1
17
18
4
58
0
0
0
0
16 1
0
0
0
]
[G
1
17
18
5
58
0
0
0
0
16 1
0
0
0
]
[G
1
17
18
5
29
0
0
0
0
16 1
0
0
0
]
[G
1
17
18
6
29
0
0
0
0
16 1
0
0
0
]
[G
1
17
18
7
29
0
0
0
0
16 1
0
0
0
]
[G
1
17
18
8
29
0
0
0
0
16 1
0
0
0
]
[G
1
17
18
9
29
0
0
0
0
16 1
0
0
0
]
[G
1
17
18
10
29
0
0
0
0
16 1
0
0
0
]
[G
1
17
18
11
29
0
0
0
0
16 1
0
0
0
]
[G
1
17
18
3
29
0
0
0
0
16 1
0
0
0
]
[G
1
17
18
4
29
0
0
0
0
16 1
0
0
0
]
[G
1
17
18
6
58
0
0
0
0
16 1
0
0
0
]
[G
1
17
18
7
58
0
0
0
0
16 1
0
0
0
]
[G
1
17
18
8
58
0
0
0
0
16 1
0
0
0
]
[G
1
17
18
9
58
0
0
0
0
16 1
0
0
0
]
[G
1
17
18
10
58
0
0
0
0
16 1
0
0
0
]
[G
1
17
18
11
58
0
0
0
0
16 1
0
0
0
]
[G
1
2
3
1
14
0
0
0
0
16 0
99
121
99
108
111
110
101
118
95
105
111
95
105
98
117
102
1
1
1 16 1 1
]
[G
1
17
18
3
38
0
0
0
0
16 1
0
0
0
]
[G
1
17
18
4
38
0
0
0
0
16 1
0
0
0
]
[G
1
17
18
5
38
0
0
0
0
16 1
0
0
0
]
[G
1
17
18
6
38
0
0
0
0
16 1
0
0
0
]
[G
1
17
18
7
38
0
0
0
0
16 1
0
0
0
]
[G
1
17
18
8
38
0
0
0
0
16 1
0
0
0
]
[G
1
17
18
9
38
0
0
0
0
16 1
0
0
0
]
[G
1
17
18
10
38
0
0
0
0
16 1
0
0
0
]
[G
1
17
18
11
38
0
0
0
0
16 1
0
0
0
]
[G
1
17
18
3
59
0
0
0
0
16 1
0
0
0
]
[G
1
17
18
4
59
0
0
0
0
16 1
0
0
0
]
[G
1
17
18
5
59
0
0
0
0
16 1
0
0
0
]
[G
1
17
18
6
59
0
0
0
0
16 1
0
0
0
]
[G
1
17
18
7
59
0
0
0
0
16 1
0
0
0
]
[G
1
17
18
8
59
0
0
0
0
16 1
0
0
0
]
[G
1
17
18
9
59
0
0
0
0
16 1
0
0
0
]
[G
1
17
18
10
59
0
0
0
0
16 1
0
0
0
]
[G
1
17
18
11
59
0
0
0
0
16 1
0
0
0
]
[G
1
17
18
3
24
0
0
1
0
0 0
0
0
]
[G
1
17
18
4
24
0
0
1
0
0 0
0
0
]
[G
1
17
18
5
24
0
0
1
0
0 0
0
0
]
[G
1
17
18
6
24
0
0
1
0
0 0
0
0
]
[G
1
17
18
7
24
0
0
1
0
0 0
0
0
]
[G
1
17
18
8
24
0
0
1
0
0 0
0
0
]
[G
1
17
18
9
24
0
0
1
0
0 0
0
0
]
[G
1
17
18
10
24
0
0
1
0
0 0
0
0
]
[G
1
17
18
11
24
0
0
1
0
0 0
0
0
]
[G
1
17
18
3
21
0
0
0
0
3 0
111
102
102
1
1
1 3 1 1
]
[G
1
17
18
4
21
0
0
0
0
3 0
111
102
102
1
1
1 3 1 1
]
[G
1
17
18
5
21
0
0
0
0
3 0
111
102
102
1
1
1 3 1 1
]
[G
1
17
18
6
21
0
0
0
0
3 0
111
102
102
1
1
1 3 1 1
]
[G
1
17
18
7
21
0
0
0
0
3 0
111
102
102
1
1
1 3 1 1
]
[G
1
17
18
8
21
0
0
0
0
3 0
111
102
102
1
1
1 3 1 1
]
[G
1
17
18
9
21
0
0
0
0
3 0
111
102
102
1
1
1 3 1 1
]
[G
1
17
18
10
21
0
0
0
0
3 0
111
102
102
1
1
1 3 1 1
]
[G
1
17
18
11
21
0
0
0
0
3 0
111
102
102
1
1
1 3 1 1
]
[G
1
17
18
3
20
0
0
0
0
3 0
111
102
102
1
1
1 3 1 1
]
[G
1
17
18
4
20
0
0
0
0
3 0
111
102
102
1
1
1 3 1 1
]
[G
1
17
18
5
20
0
0
0
0
3 0
111
102
102
1
1
1 3 1 1
]
[G
1
17
18
6
20
0
0
0
0
3 0
111
102
102
1
1
1 3 1 1
]
[G
1
17
18
7
20
0
0
0
0
3 0
111
102
102
1
1
1 3 1 1
]
[G
1
17
18
8
20
0
0
0
0
3 0
111
102
102
1
1
1 3 1 1
]
[G
1
17
18
9
20
0
0
0
0
3 0
111
102
102
1
1
1 3 1 1
]
[G
1
17
18
10
20
0
0
0
0
3 0
111
102
102
1
1
1 3 1 1
]
[G
1
17
18
11
20
0
0
0
0
3 0
111
102
102
1
1
1 3 1 1
]
[G
1
2
3
1
9
0
0
0
0
0 0
0
0
]
[G
1
17
18
3
50
0
0
0
0
16 1
0
0
0
]
[G
1
17
18
4
50
0
0
0
0
16 1
0
0
0
]
[G
1
17
18
5
50
0
0
0
0
16 1
0
0
0
]
[G
1
17
18
6
50
0
0
0
0
16 1
0
0
0
]
[G
1
17
18
7
50
0
0
0
0
16 1
0
0
0
]
[G
1
17
18
8
50
0
0
0
0
16 1
0
0
0
]
[G
1
17
18
9
50
0
0
0
0
16 1
0
0
0
]
[G
1
17
18
10
50
0
0
0
0
16 1
0
0
0
]
[G
1
17
18
11
50
0
0
0
0
16 1
0
0
0
]
[G
1
2
3
1
8
0
0
0
0
16 1
0
0
0
]
[G
1
2
3
1
7
0
0
0
0
16 1
0
0
0
]
[G
1
2
3
1
13
0
0
0
0
1 1
122
1
1
1 1 1 1
]
[G
1
17
18
3
25
0
0
0
0
1 1
42
1
1
1 1 1 1
]
[G
1
17
18
4
25
0
0
0
0
1 1
42
1
1
1 1 1 1
]
[G
1
17
18
5
25
0
0
0
0
1 1
42
1
1
1 1 1 1
]
[G
1
17
18
6
25
0
0
0
0
1 1
42
1
1
1 1 1 1
]
[G
1
17
18
7
25
0
0
0
0
1 1
42
1
1
1 1 1 1
]
[G
1
17
18
8
25
0
0
0
0
1 1
42
1
1
1 1 1 1
]
[G
1
17
18
9
25
0
0
0
0
1 1
42
1
1
1 1 1 1
]
[G
1
17
18
10
25
0
0
0
0
1 1
42
1
1
1 1 1 1
]
[G
1
17
18
11
25
0
0
0
0
1 1
42
1
1
1 1 1 1
]
[G
1
17
18
3
14
0
0
0
0
19 0
99
121
99
108
111
110
101
118
95
108
99
101
108
108
95
99
111
109
98
1
1
1 19 1 1
]
[G
1
17
18
4
14
0
0
0
0
19 0
99
121
99
108
111
110
101
118
95
108
99
101
108
108
95
99
111
109
98
1
1
1 19 1 1
]
[G
1
17
18
5
14
0
0
0
0
19 0
99
121
99
108
111
110
101
118
95
108
99
101
108
108
95
99
111
109
98
1
1
1 19 1 1
]
[G
1
17
18
6
14
0
0
0
0
19 0
99
121
99
108
111
110
101
118
95
108
99
101
108
108
95
99
111
109
98
1
1
1 19 1 1
]
[G
1
17
18
7
14
0
0
0
0
19 0
99
121
99
108
111
110
101
118
95
108
99
101
108
108
95
99
111
109
98
1
1
1 19 1 1
]
[G
1
17
18
8
14
0
0
0
0
19 0
99
121
99
108
111
110
101
118
95
108
99
101
108
108
95
99
111
109
98
1
1
1 19 1 1
]
[G
1
17
18
9
14
0
0
0
0
19 0
99
121
99
108
111
110
101
118
95
108
99
101
108
108
95
99
111
109
98
1
1
1 19 1 1
]
[G
1
17
18
10
14
0
0
0
0
19 0
99
121
99
108
111
110
101
118
95
108
99
101
108
108
95
99
111
109
98
1
1
1 19 1 1
]
[G
1
17
18
11
14
0
0
0
0
19 0
99
121
99
108
111
110
101
118
95
108
99
101
108
108
95
99
111
109
98
1
1
1 19 1 1
]
[G
1
17
18
3
51
0
0
0
0
16 1
0
0
0
]
[G
1
17
18
4
51
0
0
0
0
16 1
0
0
0
]
[G
1
17
18
5
51
0
0
0
0
16 1
0
0
0
]
[G
1
17
18
5
52
0
0
0
0
16 1
0
0
0
]
[G
1
17
18
5
53
0
0
0
0
16 1
0
0
0
]
[G
1
17
18
5
54
0
0
0
0
16 1
0
0
0
]
[G
1
17
18
5
55
0
0
0
0
16 1
0
0
0
]
[G
1
17
18
5
40
0
0
0
0
16 1
0
0
0
]
[G
1
17
18
7
55
0
0
0
0
16 1
0
0
0
]
[G
1
17
18
6
57
0
0
0
0
16 1
0
0
0
]
[G
1
17
18
7
57
0
0
0
0
16 1
0
0
0
]
[G
1
17
18
8
57
0
0
0
0
16 1
0
0
0
]
[G
1
17
18
10
40
0
0
0
0
16 1
0
0
0
]
[G
1
17
18
11
40
0
0
0
0
16 1
0
0
0
]
[G
1
17
18
11
57
0
0
0
0
16 1
0
0
0
]
[G
1
17
18
3
52
0
0
0
0
16 1
0
0
0
]
[G
1
17
18
4
52
0
0
0
0
16 1
0
0
0
]
[G
1
17
18
6
51
0
0
0
0
16 1
0
0
0
]
[G
1
17
18
7
51
0
0
0
0
16 1
0
0
0
]
[G
1
17
18
8
51
0
0
0
0
16 1
0
0
0
]
[G
1
17
18
9
51
0
0
0
0
16 1
0
0
0
]
[G
1
17
18
10
51
0
0
0
0
16 1
0
0
0
]
[G
1
17
18
6
56
0
0
0
0
16 1
0
0
0
]
[G
1
17
18
7
40
0
0
0
0
16 1
0
0
0
]
[G
1
17
18
8
40
0
0
0
0
16 1
0
0
0
]
[G
1
17
18
9
40
0
0
0
0
16 1
0
0
0
]
[G
1
17
18
5
31
0
0
0
0
16 1
0
0
0
]
[G
1
17
18
6
31
0
0
0
0
16 1
0
0
0
]
[G
1
17
18
7
31
0
0
0
0
16 1
0
0
0
]
[G
1
17
18
8
31
0
0
0
0
16 1
0
0
0
]
[G
1
17
18
9
31
0
0
0
0
16 1
0
0
0
]
[G
1
17
18
10
31
0
0
0
0
16 1
0
0
0
]
[G
1
17
18
11
31
0
0
0
0
16 1
0
0
0
]
[G
1
17
18
9
39
0
0
0
0
16 1
0
0
0
]
[G
1
17
18
10
39
0
0
0
0
16 1
0
0
0
]
[G
1
17
18
11
39
0
0
0
0
16 1
0
0
0
]
[G
1
17
18
7
52
0
0
0
0
16 1
0
0
0
]
[G
1
17
18
8
52
0
0
0
0
16 1
0
0
0
]
[G
1
17
18
5
56
0
0
0
0
16 1
0
0
0
]
[G
1
17
18
6
40
0
0
0
0
16 1
0
0
0
]
[G
1
17
18
10
53
0
0
0
0
16 1
0
0
0
]
[G
1
17
18
10
54
0
0
0
0
16 1
0
0
0
]
[G
1
17
18
10
55
0
0
0
0
16 1
0
0
0
]
[G
1
17
18
10
56
0
0
0
0
16 1
0
0
0
]
[G
1
17
18
10
57
0
0
0
0
16 1
0
0
0
]
[G
1
17
18
4
39
0
0
0
0
16 1
0
0
0
]
[G
1
17
18
5
39
0
0
0
0
16 1
0
0
0
]
[G
1
17
18
6
39
0
0
0
0
16 1
0
0
0
]
[G
1
17
18
7
39
0
0
0
0
16 1
0
0
0
]
[G
1
17
18
8
39
0
0
0
0
16 1
0
0
0
]
[G
1
17
18
3
53
0
0
0
0
16 1
0
0
0
]
[G
1
17
18
4
53
0
0
0
0
16 1
0
0
0
]
[G
1
17
18
6
52
0
0
0
0
16 1
0
0
0
]
[G
1
17
18
6
53
0
0
0
0
16 1
0
0
0
]
[G
1
17
18
7
53
0
0
0
0
16 1
0
0
0
]
[G
1
17
18
9
52
0
0
0
0
16 1
0
0
0
]
[G
1
17
18
10
52
0
0
0
0
16 1
0
0
0
]
[G
1
17
18
11
52
0
0
0
0
16 1
0
0
0
]
[G
1
17
18
11
53
0
0
0
0
16 1
0
0
0
]
[G
1
17
18
11
54
0
0
0
0
16 1
0
0
0
]
[G
1
17
18
11
55
0
0
0
0
16 1
0
0
0
]
[G
1
17
18
11
56
0
0
0
0
16 1
0
0
0
]
[G
1
17
18
3
54
0
0
0
0
16 1
0
0
0
]
[G
1
17
18
4
54
0
0
0
0
16 1
0
0
0
]
[G
1
17
18
4
55
0
0
0
0
16 1
0
0
0
]
[G
1
17
18
6
54
0
0
0
0
16 1
0
0
0
]
[G
1
17
18
8
53
0
0
0
0
16 1
0
0
0
]
[G
1
17
18
11
51
0
0
0
0
16 1
0
0
0
]
[G
1
17
18
9
54
0
0
0
0
16 1
0
0
0
]
[G
1
17
18
9
55
0
0
0
0
16 1
0
0
0
]
[G
1
2
3
1
11
0
0
0
0
5 0
102
97
108
115
101
1
1
1 5 1 1
]
[G
1
17
18
9
57
0
0
0
0
16 1
0
0
0
]
[G
1
17
18
3
39
0
0
0
0
16 1
0
0
0
]
[G
1
17
18
3
26
0
0
0
0
16 1
0
0
0
]
[G
1
17
18
4
26
0
0
0
0
16 1
0
0
0
]
[G
1
17
18
5
26
0
0
0
0
16 1
0
0
0
]
[G
1
17
18
6
26
0
0
0
0
16 1
0
0
0
]
[G
1
17
18
7
26
0
0
0
0
16 1
0
0
0
]
[G
1
17
18
8
26
0
0
0
0
16 1
0
0
0
]
[G
1
17
18
9
26
0
0
0
0
16 1
0
0
0
]
[G
1
17
18
10
26
0
0
0
0
16 1
0
0
0
]
[G
1
17
18
11
26
0
0
0
0
16 1
0
0
0
]
[G
1
17
18
8
56
0
0
0
0
16 1
0
0
0
]
[G
1
17
18
5
9
0
0
0
0
0 0
0
0
]
[G
1
17
18
6
9
0
0
0
0
0 0
0
0
]
[G
1
17
18
7
9
0
0
0
0
0 0
0
0
]
[G
1
17
18
8
9
0
0
0
0
0 0
0
0
]
[G
1
17
18
9
9
0
0
0
0
0 0
0
0
]
[G
1
17
18
10
9
0
0
0
0
0 0
0
0
]
[G
1
17
18
11
9
0
0
0
0
0 0
0
0
]
[G
1
17
18
3
55
0
0
0
0
16 1
0
0
0
]
[G
1
17
18
3
40
0
0
0
0
16 1
0
0
0
]
[G
1
17
18
4
40
0
0
0
0
16 1
0
0
0
]
[G
1
17
18
7
54
0
0
0
0
16 1
0
0
0
]
[G
1
17
18
5
57
0
0
0
0
16 1
0
0
0
]
[G
1
17
18
8
55
0
0
0
0
16 1
0
0
0
]
[G
1
17
18
4
9
0
0
0
0
0 0
0
0
]
[G
1
17
18
9
56
0
0
0
0
16 1
0
0
0
]
[G
1
17
18
3
41
0
0
0
0
16 1
0
0
0
]
[G
1
17
18
4
41
0
0
0
0
16 1
0
0
0
]
[G
1
17
18
5
41
0
0
0
0
16 1
0
0
0
]
[G
1
17
18
6
41
0
0
0
0
16 1
0
0
0
]
[G
1
17
18
7
41
0
0
0
0
16 1
0
0
0
]
[G
1
17
18
8
41
0
0
0
0
16 1
0
0
0
]
[G
1
17
18
9
41
0
0
0
0
16 1
0
0
0
]
[G
1
17
18
10
41
0
0
0
0
16 1
0
0
0
]
[G
1
17
18
11
41
0
0
0
0
16 1
0
0
0
]
[G
1
17
18
4
56
0
0
0
0
16 1
0
0
0
]
[G
1
17
18
6
55
0
0
0
0
16 1
0
0
0
]
[G
1
17
18
9
53
0
0
0
0
16 1
0
0
0
]
[G
1
17
18
7
56
0
0
0
0
16 1
0
0
0
]
[G
1
17
18
3
31
0
0
0
0
16 1
0
0
0
]
[G
1
17
18
4
31
0
0
0
0
16 1
0
0
0
]
[G
1
17
18
3
56
0
0
0
0
16 1
0
0
0
]
[G
1
17
18
3
57
0
0
0
0
16 1
0
0
0
]
[G
1
17
18
4
57
0
0
0
0
16 1
0
0
0
]
[G
1
17
18
8
54
0
0
0
0
16 1
0
0
0
]
[G
1
17
18
3
9
0
0
0
0
0 0
0
0
]
[G
1
2
3
1
12
0
0
0
0
5 0
102
97
108
115
101
1
1
1 5 1 1
]
[G
1
2
3
1
10
0
0
0
0
0 0
0
0
]
[G
1
17
18
3
28
0
0
0
0
16 1
0
0
0
]
[G
1
17
18
4
28
0
0
0
0
16 1
0
0
0
]
[G
1
17
18
5
28
0
0
0
0
16 1
0
0
0
]
[G
1
17
18
6
28
0
0
0
0
16 1
0
0
0
]
[G
1
17
18
7
28
0
0
0
0
16 1
0
0
0
]
[G
1
17
18
8
28
0
0
0
0
16 1
0
0
0
]
[G
1
17
18
9
28
0
0
0
0
16 1
0
0
0
]
[G
1
17
18
10
28
0
0
0
0
16 1
0
0
0
]
[G
1
17
18
11
28
0
0
0
0
16 1
0
0
0
]
[G
1
17
18
3
22
0
0
0
0
3 0
111
102
102
1
1
1 3 1 1
]
[G
1
17
18
4
22
0
0
0
0
3 0
111
102
102
1
1
1 3 1 1
]
[G
1
17
18
5
22
0
0
0
0
3 0
111
102
102
1
1
1 3 1 1
]
[G
1
17
18
6
22
0
0
0
0
3 0
111
102
102
1
1
1 3 1 1
]
[G
1
17
18
7
22
0
0
0
0
3 0
111
102
102
1
1
1 3 1 1
]
[G
1
17
18
5
48
0
0
0
0
16 1
0
0
0
]
[G
1
17
18
9
22
0
0
0
0
3 0
111
102
102
1
1
1 3 1 1
]
[G
1
17
18
7
48
0
0
0
0
16 1
0
0
0
]
[G
1
17
18
8
48
0
0
0
0
16 1
0
0
0
]
[G
1
17
18
9
48
0
0
0
0
16 1
0
0
0
]
[G
1
17
18
10
48
0
0
0
0
16 1
0
0
0
]
[G
1
17
18
11
48
0
0
0
0
16 1
0
0
0
]
[G
1
17
18
3
48
0
0
0
0
16 1
0
0
0
]
[G
1
17
18
4
48
0
0
0
0
16 1
0
0
0
]
[G
1
17
18
8
22
0
0
0
0
3 0
111
102
102
1
1
1 3 1 1
]
[G
1
17
18
6
48
0
0
0
0
16 1
0
0
0
]
[G
1
17
18
10
22
0
0
0
0
3 0
111
102
102
1
1
1 3 1 1
]
[G
1
17
18
11
22
0
0
0
0
3 0
111
102
102
1
1
1 3 1 1
]
[G
1
17
18
3
46
0
0
0
0
16 1
0
0
0
]
[G
1
17
18
4
46
0
0
0
0
16 1
0
0
0
]
[G
1
17
18
5
46
0
0
0
0
16 1
0
0
0
]
[G
1
17
18
6
46
0
0
0
0
16 1
0
0
0
]
[G
1
17
18
7
46
0
0
0
0
16 1
0
0
0
]
[G
1
17
18
8
46
0
0
0
0
16 1
0
0
0
]
[G
1
17
18
9
46
0
0
0
0
16 1
0
0
0
]
[G
1
17
18
10
46
0
0
0
0
16 1
0
0
0
]
[G
1
17
18
11
46
0
0
0
0
16 1
0
0
0
]
[G
1
17
18
3
44
0
0
0
0
16 1
0
0
0
]
[G
1
17
18
4
44
0
0
0
0
16 1
0
0
0
]
[G
1
17
18
5
44
0
0
0
0
16 1
0
0
0
]
[G
1
17
18
6
44
0
0
0
0
16 1
0
0
0
]
[G
1
17
18
7
44
0
0
0
0
16 1
0
0
0
]
[G
1
17
18
8
44
0
0
0
0
16 1
0
0
0
]
[G
1
17
18
9
44
0
0
0
0
16 1
0
0
0
]
[G
1
17
18
10
44
0
0
0
0
16 1
0
0
0
]
[G
1
17
18
11
44
0
0
0
0
16 1
0
0
0
]
[G
1
2
3
1
5
0
0
0
0
16 1
0
0
0
]
[G
1
17
18
3
49
0
0
0
0
16 1
0
0
0
]
[G
1
17
18
4
49
0
0
0
0
16 1
0
0
0
]
[G
1
17
18
5
49
0
0
0
0
16 1
0
0
0
]
[G
1
17
18
6
49
0
0
0
0
16 1
0
0
0
]
[G
1
17
18
7
49
0
0
0
0
16 1
0
0
0
]
[G
1
17
18
8
49
0
0
0
0
16 1
0
0
0
]
[G
1
17
18
9
49
0
0
0
0
16 1
0
0
0
]
[G
1
17
18
10
49
0
0
0
0
16 1
0
0
0
]
[G
1
17
18
11
49
0
0
0
0
16 1
0
0
0
]
[G
1
17
18
3
10
0
0
0
0
0 0
0
0
]
[G
1
17
18
4
10
0
0
0
0
0 0
0
0
]
[G
1
17
18
5
10
0
0
0
0
0 0
0
0
]
[G
1
17
18
6
23
0
0
1
0
0 0
0
0
]
[G
1
17
18
7
10
0
0
0
0
0 0
0
0
]
[G
1
17
18
8
10
0
0
0
0
0 0
0
0
]
[G
1
17
18
9
10
0
0
0
0
0 0
0
0
]
[G
1
17
18
10
10
0
0
0
0
0 0
0
0
]
[G
1
17
18
11
10
0
0
0
0
0 0
0
0
]
[G
1
17
18
3
23
0
0
1
0
0 0
0
0
]
[G
1
17
18
4
23
0
0
1
0
0 0
0
0
]
[G
1
2
3
1
6
0
0
0
0
16 1
0
0
0
]
[G
1
17
18
6
10
0
0
0
0
0 0
0
0
]
[G
1
17
18
7
23
0
0
1
0
0 0
0
0
]
[G
1
17
18
8
23
0
0
1
0
0 0
0
0
]
[G
1
17
18
9
23
0
0
1
0
0 0
0
0
]
[G
1
17
18
10
23
0
0
1
0
0 0
0
0
]
[G
1
17
18
11
23
0
0
1
0
0 0
0
0
]
[G
1
17
18
4
42
0
0
0
0
16 1
0
0
0
]
[G
1
17
18
5
42
0
0
0
0
16 1
0
0
0
]
[G
1
17
18
6
42
0
0
0
0
16 1
0
0
0
]
[G
1
17
18
7
42
0
0
0
0
16 1
0
0
0
]
[G
1
17
18
8
42
0
0
0
0
16 1
0
0
0
]
[G
1
17
18
9
42
0
0
0
0
16 1
0
0
0
]
[G
1
17
18
10
42
0
0
0
0
16 1
0
0
0
]
[G
1
17
18
11
42
0
0
0
0
16 1
0
0
0
]
[G
1
17
18
5
23
0
0
1
0
0 0
0
0
]
[G
1
17
18
3
42
0
0
0
0
16 1
0
0
0
]
[G
1
17
18
3
43
0
0
0
0
16 1
0
0
0
]
[G
1
17
18
4
43
0
0
0
0
16 1
0
0
0
]
[G
1
17
18
5
43
0
0
0
0
16 1
0
0
0
]
[G
1
17
18
6
43
0
0
0
0
16 1
0
0
0
]
[G
1
17
18
7
43
0
0
0
0
16 1
0
0
0
]
[G
1
17
18
8
43
0
0
0
0
16 1
0
0
0
]
[G
1
17
18
9
43
0
0
0
0
16 1
0
0
0
]
[P
1
17
18
63
61
3
0
0
]
[P
1
17
18
63
61
4
0
0
]
[P
1
17
18
63
65
5
0
0
]
[P
1
17
18
63
61
6
0
0
]
[P
1
17
18
63
61
7
0
0
]
[P
1
17
18
63
67
8
0
0
]
[P
1
17
18
63
61
9
0
0
]
[P
1
17
18
63
61
10
0
0
]
[P
1
17
18
63
61
11
0
0
]
[P
1
17
18
64
61
3
0
0
]
[P
1
17
18
64
61
4
0
0
]
[P
1
17
18
64
65
5
0
0
]
[P
1
17
18
64
61
6
0
0
]
[P
1
17
18
64
61
7
0
0
]
[P
1
17
18
64
67
8
0
0
]
[P
1
17
18
64
61
9
0
0
]
[P
1
17
18
64
61
10
0
0
]
[P
1
17
18
64
61
11
0
0
]
[P
1
17
18
60
61
3
0
0
]
[P
1
17
18
61
65
5
0
0
]
[P
1
17
18
60
65
5
0
0
]
[P
1
17
18
62
65
5
0
0
]
[P
1
17
18
61
67
8
0
0
]
[P
1
17
18
60
67
8
0
0
]
[P
1
17
18
60
61
9
0
0
]
[P
1
17
18
60
61
10
0
0
]
[P
1
17
18
62
61
10
0
0
]
[P
1
17
18
62
61
11
0
0
]
[P
1
17
18
66
67
8
0
0
]
[P
1
17
18
68
67
8
0
0
]
[P
1
17
18
65
67
8
0
0
]
[P
1
17
18
60
61
7
0
0
]
[P
1
17
18
62
61
7
0
0
]
[P
1
17
18
62
67
8
0
0
]
[P
1
17
18
62
61
9
0
0
]
[P
1
17
18
60
61
11
0
0
]
[P
1
17
18
60
61
4
0
0
]
[P
1
17
18
62
61
4
0
0
]
[P
1
17
18
60
61
6
0
0
]
[P
1
17
18
62
61
6
0
0
]
[P
1
17
18
62
61
3
0
0
]
[P
1
2
3
15
16
1
0
0
]
